5844
4802
4693
4896
4857
4949
4884
4851
5168
5872
4803
4787
5024
5029
5069
4957
4958
5042
4909
5980
4853
4786
5441
5439
5316
5432
5600
5378
5561
6263
4959
4936
5475
5502
5518
5456
5508
5350
5699
6074
4991
4980
5467
5561
5664
5580
5607
5637
5758
6270
5146
5204
5605
5552
5593
5667
5718
5763
5891
6473
5147
5202
5772
5835
5675
5677
5712
5675
5859
6345
5651
5341
5763
5778
5795
5816
5901
5803
6013
6454
5530
5291
5810
5763
5842
5884
5823
5824
6122
6646
5527
5457
6063
5969
6033
6154
6211
6041
6134
6665
5508
5605
6001
5976
6093
5987
6125
5916
6206
6774
5601
5692
6058
6145
6208
6188
6136
6079
6376
6926
5558
5574
6133
6236
6172
