6849
5781
6017
5818
5711
5705
5759
5817
5827
6334
5907
5838
6099
6153
6114
6275
6225
6166
6325
6963
6166
6039
6822
6552
6628
6755
6508
6599
6728
7178
6978
6843
6567
6849
6722
6693
6858
6728
6865
7003
6267
7161
7306
6748
6732
6740
6617
6695
6921
7114
6373
6424
7455
7239
6748
6597
6712
6592
6700
7064
6179
6179
6688
7530
7212
6524
6625
6640
6831
7098
6229
6250
6577
6575
7306
7253
6555
6529
6832
7144
6150
6108
6682
6653
6593
7378
7220
6695
6828
7226
6210
6188
6595
6669
6723
6721
7395
7196
6714
7161
6072
6277
6692
6639
6820
6675
6819
7504
7562
7013
6064
6277
6531
6597
6604
6543
6555
6480
7647
7489
6182
6077
6580
6609
6570
