514
517
509
519
529
533
527
529
526
564
533
509
510
505
511
518
510
508
516
523
504
509
507
521
523
511
513
541
512
534
532
519
512
513
508
518
504
510
528
513
521
514
515
530
512
524
513
526
512
520
523
511
503
517
544
518
515
514
516
510
518
500
506
510
503
517
521
526
515
513
516
512
517
519
505
535
513
540
532
529
529
517
515
515
526
515
539
521
514
518
520
520
516
512
515
525
520
509
511
512
516
515
517
511
513
506
517
531
521
526
519
525
513
537
515
531
516
509
542
520
519
519
521
527
525
