6652
5767
5715
5857
5952
5979
6023
5939
6156
6734
6141
7210
7152
7190
7179
7999
7082
7429
7456
7329
8429
7358
7480
7418
7553
8359
7419
7549
7742
7789
9256
7989
7573
7559
7622
8477
7667
7728
7660
7685
8516
8879
8519
7474
7549
8329
7782
7665
7705
7696
8580
7797
8875
8500
7721
8663
7805
7688
7828
7883
8770
7759
8105
9119
9059
8636
7672
7823
7766
7777
8671
7595
7800
7745
9047
9312
7562
7726
7648
7651
8569
7677
7805
7884
7778
9972
8499
7547
7711
7734
8681
7704
7666
7713
7749
8596
8932
8590
7583
7603
8522
7600
7672
7636
7675
8615
7716
8815
8562
7579
8380
7551
7821
7888
7616
8646
7846
7891
9119
8648
8508
7689
7659
7642
7772
