6023
5151
5225
5238
5293
5302
5448
5494
5584
6133
5378
5209
5329
5315
5348
5443
5350
5361
5419
6277
5343
5284
5498
5552
5624
5628
5671
5765
6126
6443
5821
5520
5714
5638
5687
5762
5828
5788
6134
6351
5571
5622
5806
5784
5925
5877
5930
6073
6136
6605
5583
5702
5796
5946
6384
5993
6067
6060
6252
6652
5695
5649
5939
5774
6047
5751
5915
6157
6347
6610
5717
5826
6042
6124
6075
6190
6244
6288
6502
6855
5936
5882
6044
6214
6195
6123
6365
6225
6450
6851
5923
5911
6186
6278
6271
6276
6211
6232
6516
6858
6090
6166
6289
6254
6273
6353
6321
6398
6585
7085
6146
6112
6356
6374
6402
6402
6446
6389
6642
7261
6219
6112
6498
6399
6569
