533
534
617
561
563
614
587
657
624
661
628
660
699
668
712
678
739
737
740
737
731
737
775
767
784
828
803
789
823
839
799
838
859
830
890
882
896
894
901
896
922
923
936
956
955
955
972
1007
1011
1028
1028
1036
1012
1028
1033
1033
1093
1073
1105
1071
1087
1105
1122
1130
1150
1129
1168
1175
1164
1153
1198
1207
1216
1226
1216
1210
1250
1260
1242
1273
1248
1271
1281
1286
1302
1316
1290
1333
1331
1354
1344
1354
1357
1371
1376
1442
1438
1410
1427
1430
1434
1434
1443
1489
1505
1534
1496
1526
1515
1499
1503
1557
1553
1586
1562
1568
1535
1576
1593
1607
1613
1599
1633
1650
1656
