527
538
560
561
598
588
595
598
653
654
672
649
650
674
681
687
712
730
724
732
739
731
760
758
764
799
809
806
832
806
827
847
860
865
870
874
913
918
892
905
928
946
953
966
983
967
975
953
994
999
995
1018
1031
1063
1035
1032
1063
1071
1100
1065
1089
1099
1127
1103
1154
1139
1130
1170
1159
1187
1156
1184
1222
1219
1230
1235
1263
1229
1254
1284
1299
1293
1285
1313
1269
1317
1349
1316
1323
1334
1343
1365
1341
1398
1422
1415
1436
1462
1463
1414
1423
1465
1439
1467
1472
1493
1489
1527
1501
1494
1507
1485
1539
1565
1560
1573
1588
1594
1594
1593
1656
1631
1632
1639
1637
