511
512
516
515
532
509
523
512
514
518
513
515
521
529
521
514
548
515
519
529
535
505
518
508
512
519
505
523
522
520
520
510
516
517
531
510
528
540
516
512
510
517
525
528
512
532
517
518
518
537
518
514
514
514
524
525
509
516
530
517
523
522
567
551
522
522
516
528
525
519
530
509
508
522
538
519
519
518
508
509
510
518
514
525
517
530
518
513
520
521
534
519
524
521
514
515
522
535
516
526
522
529
522
526
513
518
523
521
520
531
519
521
537
531
523
524
518
516
523
545
528
525
523
525
532
