739
593
601
609
617
625
633
641
647
747
610
780
798
810
826
943
770
825
839
853
1059
827
843
861
881
1060
841
857
877
893
1468
1112
847
863
883
1062
843
861
877
897
1076
1643
1404
861
881
1060
841
859
877
895
1074
853
1661
1420
879
1058
839
855
873
893
1072
853
869
1677
1436
1056
837
855
873
891
1070
849
867
885
1693
1632
831
849
865
885
1064
845
861
881
897
1866
1386
845
865
883
1062
843
859
879
897
1076
1645
1404
863
881
1058
841
859
875
893
1074
855
1661
1420
879
1058
837
855
875
891
1072
851
871
1675
1436
1056
837
855
873
891
