752
561
561
561
561
561
561
561
561
674
507
507
563
563
563
563
563
563
563
689
509
509
591
591
591
591
591
591
651
720
511
511
605
609
613
617
621
625
671
691
513
513
607
611
615
619
623
627
673
693
515
515
609
613
617
621
625
629
675
695
517
517
611
615
619
623
627
631
677
697
519
519
613
617
621
625
629
633
679
699
521
521
615
619
623
627
631
635
681
701
523
523
617
621
625
629
633
637
683
703
525
525
619
623
627
631
635
639
685
705
527
527
621
625
629
633
637
641
687
707
529
529
623
627
631
