762
505
513
521
529
537
545
553
561
659
491
499
535
543
551
559
567
575
583
694
513
521
570
578
586
594
602
610
687
745
535
543
598
608
618
628
638
648
727
736
557
565
620
630
640
650
660
670
749
758
579
587
642
652
662
672
682
692
771
780
601
609
664
674
684
694
704
714
793
802
623
631
686
696
706
716
726
736
815
824
645
653
708
718
728
738
748
758
837
846
667
675
730
740
750
760
770
780
859
868
689
697
752
762
772
782
792
802
881
890
711
719
774
784
794
804
814
824
903
912
733
741
796
806
816
