855
665
668
671
674
677
682
685
686
772
639
645
707
715
719
725
733
737
743
817
641
647
737
741
747
753
759
765
833
848
1028
932
751
757
765
769
775
781
841
817
645
1030
1034
759
763
769
775
781
841
815
645
649
1130
1034
753
763
771
781
843
815
643
649
751
1142
1042
757
769
779
841
817
643
649
749
759
1152
1050
765
773
839
817
643
649
749
759
769
1160
1058
769
837
817
645
649
749
759
771
779
1170
1066
833
817
643
649
749
761
771
781
791
1182
1134
817
643
649
751
759
769
779
789
799
1232
1121
641
647
749
757
767
